# Number of parameters = 1 Objective function value = 106.969815967844  Maximum gradient component = 4.27563706430020e-08
# logSdLam:
 -0.159328346690389
# biom:
 3.69772918881250 3.18547922370955 3.61188193551410 3.25413604584930
 4.73569787612778 3.18547922370955 3.61188193551410 3.96607219853019
 5.77366656344306 3.18547922370955 3.61188193551410 4.67800835121108
 6.81163525075834 3.18547922370955 3.61188193551410 5.38994450389197
 6.23147253462308 3.18547922370955 3.61188193551410 5.92232267543761
 5.65130981848781 3.50966957922474 3.61188193551410 6.45470084698326
 5.07114710235254 3.75144595755460 3.61188193551410 6.98707901852890
 5.28262359812334 3.99322233588446 3.61188193551410 6.48970877801711
 5.49410009389413 4.32606979630751 3.61188193551410 5.99233853750533
 5.70557658966492 4.65891725673057 3.61188193551410 5.49496829699354
 5.91705308543571 4.99176471715362 3.61188193551410 4.99759805648175
 6.12852958120651 5.32461217757668 3.61188193551410 4.50022781596997
 5.94075923511965 4.02316573904302 3.61188193551410 4.54223044552993
 5.75298888903280 4.19334029655714 3.61188193551410 4.58423307508989
 5.56521854294594 4.08886618804259 3.61188193551410 4.62623570464986
 5.85299075642433 4.24355918543445 3.61188193551410 4.69958275028159
 6.14076296990272 4.25028405897801 3.61188193551410 4.77292979591333
 6.42853518338111 4.96732080337063 3.61188193551410 4.84627684154506
 6.64300060633470 5.81982815310258 3.61188193551410 4.60053461283167
 6.85746602928829 5.77685210088826 3.61188193551410 4.35479238411827
 7.07193145224188 5.39422809115759 3.61188193551410 4.10905015540487
 6.73784858137348 5.01160408142692 3.61188193551410 4.43625666182605
 6.40376571050509 4.62898007169625 3.61188193551410 4.76346316824723
 6.76858668896048 4.24635606196559 3.53381727642918 6.10954277498259
 7.13340766741587 4.28933183875685 3.45575261734425 7.45562238171796
 7.57959207137038 4.33230761554811 3.45379568344874 7.02999522055276
 8.02577647532488 5.15148038466870 3.45183874955322 6.60436805938757
 7.61577719785270 4.99569650287965 3.44988181565770 6.17876092062619
 7.20577792038052 4.83991262109060 3.44792488176218 5.75315378186482
 6.79577864290833 4.68412873930155 3.98218508262167 5.32754664310344
 6.38577936543615 4.23516782534567 4.51644528348116 4.90193950434207
 6.03829317946767 4.01497589925521 4.25175959448279 4.93763819630281
 5.69080699349919 3.78727715062757 3.98707390548442 4.97333688826356
 6.73931105591451 3.75511796120103 3.84941689287087 5.19099528975228
 7.78781511832984 3.79953604281764 3.71175988025731 5.40865369124101
 7.62225067432645 4.32490126290592 3.57410286764375 5.50029295939776
 7.45668623032306 4.18169497431530 3.43644585503019 5.59193222755451
 7.15780498289949 5.27982705453095 3.43644585503019 6.27625122863379
 6.85892373547592 6.63181541831268 3.43644585503019 6.96057022971307
 6.85892373547592 6.63181541831268 3.43644585503019 6.96057022971307
