# Number of parameters = 3 Objective function value = 11.1709447911543  Maximum gradient component = 1.47845197938566e-05
# logSdLam:
 -2.07352118977121 -2.22105000671060 -1.86279713339110
# biom:
 8.78774714388809 9.78248889027707 6.34465523013668
 8.78774714388809 9.78248889027707 6.34465523013668
 8.78774714388809 9.78248889027707 6.34465523013668
 8.78774714388809 9.78248889027707 6.34465523013668
 8.78774714388809 9.78248889027707 6.34465523013668
 8.78774714388809 9.78248889027707 6.34465523013668
 8.78774714388809 9.78248889027707 6.34465523013668
 8.78774714388809 9.78248889027707 6.34465523013668
 8.78774714388809 9.78248889027707 6.34465523013668
 8.78774714388809 9.78248889027707 6.34465523013668
 8.80562228844492 9.78248889027707 6.43762718527664
 8.82349743300174 9.78248889027707 6.53059914041661
 8.84137257755856 9.78248889027707 6.62357109555657
 8.92269406898265 9.78248889027707 6.68101805706294
 9.00401556040673 9.78248889027707 6.73846501856931
 9.08533705183081 9.78248889027707 6.79591198007568
 9.16283597959040 9.78248889027707 6.81910321726843
 9.24033490735000 9.78248889027707 6.84229445446118
 9.31783383510959 9.78248889027707 6.86548569165393
 9.41605536571441 9.78248889027707 6.87779144909385
 9.51427689631922 9.78248889027707 6.89009720653378
 9.59316957036211 9.82237264276723 6.89770993769393
 9.67206224440501 9.86225639525739 6.90532266885408
 9.71193204577975 9.93315092911621 6.91774620585203
 9.75180184715449 10.0040454629750 6.93016974284997
 9.74904868804108 10.0749399968338 6.94763908306117
 9.74629552892767 10.1458345306926 6.96510842327236
 9.74354236981425 10.1998135597443 6.98257776348356
 9.74078921070084 10.2537925887960 7.00004710369475
 9.69935994029584 10.2792336250736 7.01983384569538
 9.65793066989084 10.3046746613512 7.03962058769600
 9.67213221759628 10.3408911099229 7.10758931215906
 9.68633376530172 10.3771075584946 7.17555803662212
 9.67604019164778 10.4133240070663 7.19957435280273
 9.66574661799385 10.4495404556381 7.22359066898334
 9.62622701449047 10.4495404556381 7.23239427033640
 9.58670741098710 10.4495404556381 7.24119787168945
 9.58670741098710 10.4495404556381 7.24119787168945
 9.58670741098710 10.4495404556381 7.24119787168945
