# Single survey RE for non-SST EBS_SHELF 
 # Model start and end years 
 1984 2018 
 # nobs 
 25 
 # Years 
 1984 1985 1987 1991 1992 1993 1994 1995 1996 1997 1998 1999 2003 2005 2006 2009 2010 2011 2012 2013 2014 2015 2016 2017 2018 
 # Biomass estimates 
 17.75 36.17 49.72 857.4 13.75 86.07 46.61 75.58 35.63 126.24 537.59 397.58 55.35 36.32 356.64 121.56 56.95 55.82 36.63 39.73 28.25 142.91 20.06 169.32 1592.69 
 # Biomass CV 
 1.000118 0.9999791 0.9999973 0.9427366 0.9996411 1.000016 0.9999849 0.7025223 0.9999759 0.9999773 0.679289 0.7501752 0.6986692 1.000012 0.8470749 0.5781683 0.9201803 1.000028 1.000028 1.000119 0.9999542 0.9999827 0.9997865 0.7267037 0.6999401 
