# Number of parameters = 1 Objective function value = 51.2135588251553  Maximum gradient component = 6.08020188513181e-06
# logSdLam:
 -1.81077216053940
# biom:
 8.89541296974325 3.98733270612350 9.76199703583589
 8.89541296974325 3.98733270612350 9.76199703583589
 8.89541296974325 3.98733270612350 9.76199703583589
 8.89541296974325 4.03018533505666 9.76199703583589
 8.89541296974325 4.09008894154532 9.76199703583589
 8.89541296974325 4.14999254803398 9.76199703583589
 8.89541296974325 4.21929361596257 9.76199703583589
 8.89541296974325 4.28859468389117 9.76199703583589
 8.89541296974325 4.35789575181977 9.76199703583589
 8.89541296974325 4.42719681974836 9.76199703583589
 8.92872938321382 4.39865595008457 9.76199703583589
 8.96204579668438 4.43873038635300 9.76199703583589
 8.99536221015495 4.47817095377682 9.76199703583589
 9.09448364229583 4.54216241409891 9.76199703583589
 9.19360507443671 4.62061760272895 9.76199703583589
 9.29272650657759 4.73948361990789 9.76199703583589
 9.36322746589625 4.85454165718514 9.76199703583589
 9.43372842521492 4.86863332052484 9.76199703583589
 9.50422938453358 4.81583420570254 9.76199703583589
 9.60547512965663 4.76303509088024 9.76199703583589
 9.70672087477969 4.71023597605794 9.76199703583589
 9.83352105706652 4.65743686123564 9.80710065985895
 9.96032123935335 4.64794311252520 9.85220428388201
 9.99158842951884 4.63844936381475 9.92860740734816
 10.0228556196843 4.66931228896803 10.0050105308143
 9.98577714450469 4.64048127770097 10.0814136542805
 9.94869866932504 4.61165026643390 10.1578167777466
 9.91162019414539 4.58281925516684 10.2147430013622
 9.87454171896574 4.53381209409791 10.2716692249777
 9.81288057544006 4.50623743971158 10.2889039674704
 9.75121943191437 4.49733860821874 10.3061387099631
 9.83931301539480 4.52302390294350 10.3472474999093
 9.92740659887523 4.58114589989141 10.3883562898556
 9.90996942509615 4.68711179675187 10.4294650798019
 9.89253225131706 4.78246405204974 10.4705738697481
 9.85195489869802 4.94665335747080 10.4705738697481
 9.81137754607898 5.09916687520436 10.4705738697481
 9.81137754607898 5.09916687520436 10.4705738697481
 9.81137754607898 5.09916687520436 10.4705738697481
