# Number of parameters = 1 Objective function value = 106.995587991551  Maximum gradient component = 4.84083138835260e-08
# logSdLam:
 -0.158428009677084
# biom:
 3.69682741888403 3.18516564826352 3.61191705179467 3.25323728040413
 4.73509782717994 3.18516564826352 3.61191705179467 3.96551598881340
 5.77336823547586 3.18516564826352 3.61191705179467 4.67779469722268
 6.81163864377177 3.18516564826352 3.61191705179467 5.39007340563195
 6.23130713694391 3.18516564826352 3.61191705179467 5.92278614313233
 5.65097563011604 3.50961080708069 3.61191705179467 6.45549888063271
 5.07064412328818 3.75143168818577 3.61191705179467 6.98821161813309
 5.28223880790687 3.99325256929085 3.61191705179467 6.49053572390270
 5.49383349252555 4.32634044228214 3.61191705179467 5.99285982967230
 5.70542817714424 4.65942831527343 3.61191705179467 5.49518393544190
 5.91702286176293 4.99251618826472 3.61191705179467 4.99750804121151
 6.12861754638162 5.32560406125601 3.61191705179467 4.49983214698111
 5.94072649869371 4.02258874590424 3.61191705179467 4.54195442769073
 5.75283545100581 4.19324004125421 3.61191705179467 4.58407670840035
 5.56494440331791 4.08864231541585 3.61191705179467 4.62619898910997
 5.85281840571044 4.24344351618143 3.61191705179467 4.69959599768056
 6.14069240810298 4.24979986928361 3.61191705179467 4.77299300625115
 6.42856641049552 4.96723942794491 3.61191705179467 4.84639001482174
 6.64306148610247 5.82030822901636 3.61191705179467 4.60055775080160
 6.85755656170942 5.77720138868235 3.61191705179467 4.35472548678147
 7.07205163731637 5.39440434189537 3.61191705179467 4.10889322276133
 6.73784326243729 5.01160729510840 3.61191705179467 4.43608883064027
 6.40363488755821 4.62881024832142 3.61191705179467 4.76328443851922
 6.76853669065708 4.24601320153445 3.53386857898249 6.11009923461772
 7.13343849375594 4.28895473317575 3.45582010617031 7.45691403071622
 7.57999261805823 4.33189626481706 3.45444410279480 7.03080192076410
 8.02654674236051 5.15200144055741 3.45306809941930 6.60468981081198
 7.61635390518127 4.99609452818200 3.45169209604379 6.17896006389966
 7.20616106800202 4.84018761580658 3.45031609266828 5.75323031698734
 6.79596823082278 4.68428070343116 3.99553108204453 5.32750057007501
 6.38577539364353 4.23505220763557 4.54074607142079 4.90177082316269
 6.03817919700990 4.01486771269910 4.26535507806441 4.93749718627956
 5.69058300037627 3.78704917599238 3.98996408470804 4.97322354939643
 6.73963446706876 3.75488304729410 3.85160116830558 5.19094669826537
 7.78868593376124 3.79918537338926 3.71323825190313 5.40866984713430
 7.62272627656810 4.32493310063787 3.57487533550068 5.50019911018966
 7.45676661937497 4.18093781475052 3.43651241909823 5.59172837324502
 7.15781348692034 5.27972220504440 3.43651241909823 6.27642463138071
 6.85886035446570 6.63264028101019 3.43651241909823 6.96112088951641
 6.85886035446570 6.63264028101019 3.43651241909823 6.96112088951641
 6.85886035446570 6.63264028101019 3.43651241909823 6.96112088951641
