OROCK   #STOCK
BSAI   #REGION
2020   #ASSESSYEAR
5   #TIER
full_update   #UPDATE
Maxmum_catch   #FLIMIT
53667   #BESTB
32926   #MINB
87472   #MAXB
random_effects_model   #ABUNDMETH
#STOCKNOTES
#TOTALCATCH
1
2003  2004  2005  2006  2007  2008  2009  2010  2011  2012  2013  2014  2015  2016  2017  2018  2019  2020
685  633  447  570  646  596  566  766  945  922  821  953  687  786  830  986 1266  916
#ABUNDANCE
1
1982 1983 1984 1985 1986 1987 1988 1989 1990 1991 1992 1993 1994 1995 1996 1997 1998 1999 2000 2001 2002 2003 2004 2005 2006 2007 2008 2009 2010 2011 2012 2013 2014 2015 2016 2017 2018 2019 2020
24712 24712 24712 24714 24718 24722 24726 24731 24736 24742 24987 25246 25513 26360 27296 28334 29141 29994 30900 32323 33900 36918 40278 42458 44784 45717 46820 47566 48426 47762 47178 50020 53064 54084 55166 54400 53667 53667 53667
#SURVEYNAMES   AI_trawl_biomass_mtons   EBS_shelf_trawl_biomass_mtons   EBS_slope_trawl_biomass_mtons   none  none
1   1   1   1   1 
#SURVEY1
1991 1994 1997 2000 2002 2004 2006 2010 2012 2014 2016 2018
6895  7628 11221 13031 15909 25039 25587 19835 15280 26053 20131 17373
#SURVEY2
1982 1983 1984 1985 1986 1987 1988 1989 1990 1991 1992 1993 1994 1995 1996 1997 1998 1999 2000 2001 2002 2003 2004 2005 2006 2007 2008 2009 2010 2011 2012 2013 2014 2015 2016 2017 2018 2019
0    0   18   36    0   50    0    0    0  857   14   86   47   76   36  126  538  398    0    0    0   55    0   36  357    0  0  122   57   56   37   40   28  143   20  169 1593    0
#SURVEY3
2002 2004 2008 2010 2012 2016
16978 18824 26082 29482 29617 35978
#SURVEY4



#SURVEY5



