# Number of parameters = 1 Objective function value = 27.9436745334662  Maximum gradient component = 4.34075572116889e-07
# logSdLam:
 -1.57187494925178
# biom:
 7.04580429277241 9.75207471749100 5.66710068938519
 7.34767499330598 9.75207471749100 5.82599302196093
 7.64954569383956 9.75207471749100 5.98488535453666
 7.95141639437313 9.75207471749100 6.14377768711240
 8.16985370920525 9.75207471749100 6.13141078830926
 8.38829102403737 9.75207471749100 6.11904388950612
 8.60672833886948 9.75207471749100 6.10667699070298
 8.62976913256493 9.75207471749100 6.11595047465782
 8.65280992626039 9.75207471749100 6.12522395861267
 8.67585071995584 9.75207471749100 6.13449744256752
 8.69889151365129 9.75207471749100 6.14377092652237
 8.72193230734674 9.75207471749100 6.15304441047722
 8.74279765824666 9.75207471749100 6.29999523527166
 8.76366300914659 9.75207471749100 6.44694606006611
 8.78452836004651 9.75207471749100 6.59389688486056
 8.88202320752549 9.75207471749100 6.67193180920014
 8.97951805500446 9.75207471749100 6.74996673353972
 9.07701290248344 9.75207471749100 6.82800165787930
 9.15301394655459 9.75207471749100 6.84833790503095
 9.22901499062575 9.75207471749100 6.86867415218260
 9.30501603469690 9.75207471749100 6.88901039933425
 9.42131207786249 9.75207471749100 6.89483337168328
 9.53760812102808 9.75207471749100 6.90065634403231
 9.62587232657807 9.79950906594021 6.90107885391648
 9.71413653212805 9.84694341438942 6.90150136380065
 9.74662719608222 9.92525446550567 6.90991962791973
 9.77911786003638 10.0035655166219 6.91833789203880
 9.77572589212371 10.0818765677382 6.93384395583766
 9.77233392421105 10.1601876188544 6.94935001963652
 9.76894195629838 10.2167468109202 6.96485608343538
 9.76554998838571 10.2733060029859 6.98036214723424
 9.69916436361980 10.2876565406650 6.99803905789140
 9.63277873885390 10.3020070783440 7.01571596854857
 9.67037465950250 10.3456475358872 7.11738192919757
 9.70797058015111 10.3892879934303 7.21904788984657
 9.69483340589840 10.4329284509735 7.24713523471128
 9.68169623164569 10.4765689085167 7.27522257957598
 9.61542024057920 10.4765689085167 7.28494071132957
 9.54914424951272 10.4765689085167 7.29465884308317
 9.54914424951272 10.4765689085167 7.29465884308317
