# Number of parameters = 1 Objective function value = 90.0434535602533  Maximum gradient component = 2.31372857179556e-06
# logSdLam:
 -0.355718047936233
# biom:
 6.15492084201966 3.25803347961733 3.60554525045107 4.23775772780482
 6.15492084201966 3.25803347961733 3.60554525045107 4.23775772780482
 6.15492084201966 3.25803347961733 3.60554525045107 4.23775772780482
 6.15492084201966 3.52829919014215 3.60554525045107 4.23775772780482
 6.15492084201966 3.75611610526062 3.60554525045107 4.23775772780482
 6.15492084201966 3.98393302037910 3.60554525045107 4.23775772780482
 6.15492084201966 4.26665968355903 3.60554525045107 4.23775772780482
 6.15492084201966 4.54938634673897 3.60554525045107 4.23775772780482
 6.15492084201966 4.83211300991891 3.60554525045107 4.23775772780482
 6.15492084201966 5.11483967309885 3.60554525045107 4.23775772780482
 5.98255084265469 4.13217953527428 3.60554525045107 4.35746553297071
 5.81018084328973 4.22037676308434 3.60554525045107 4.47717333813661
 5.63781084392476 4.14228614723869 3.60554525045107 4.59688114330250
 5.89976698645142 4.27701620570497 3.60554525045107 4.66976079813963
 6.16172312897809 4.35278738249378 3.60554525045107 4.74264045297676
 6.42367927150475 4.98074831379435 3.60554525045107 4.81552010781390
 6.62985375367539 5.70968665158881 3.60554525045107 4.59326546295822
 6.83602823584602 5.69149960351876 3.60554525045107 4.37101081810254
 7.04220271801666 5.35013309745069 3.60554525045107 4.14875617324687
 6.73905845696723 5.00876659138261 3.60554525045107 4.47593366368861
 6.43591419591779 4.66740008531453 3.60554525045107 4.80311115413036
 6.77910221405010 4.32603357924645 3.53375843112868 5.98120458962284
 7.12229023218240 4.37042305190620 3.46197161180630 7.15929802511533
 7.48583617475800 4.41481252456594 3.46812547514097 6.83611376147281
 7.84938211733360 5.04170798650556 3.47427933847564 6.51292949783029
 7.48362674241567 4.91069972041947 3.48043320181030 6.12036526045183
 7.11787136749774 4.77969145433337 3.48658706514497 5.72780102307338
 6.75211599257980 4.64868318824728 3.95729502675001 5.33523678569493
 6.38636061766187 4.25938801588650 4.42800298835506 4.94267254831648
 6.06568463491603 4.04393679158871 4.20742715888328 4.97242448629308
 5.74500865217019 3.84392855512711 3.98685132941151 5.00217642426968
 6.66997944215878 3.81606742731560 3.85153531327162 5.20466539662080
 7.59495023214737 3.88307113377710 3.71621929713173 5.40715436897192
 7.51429828026509 4.33396931683622 3.58090328099185 5.52128241517343
 7.43364632838281 4.33988577817563 3.44558726485196 5.63541046137493
 7.15411535155243 5.29600326579338 3.44558726485196 6.23320640038965
 6.87458437472206 6.44224780506170 3.44558726485196 6.83100233940437
 6.87458437472206 6.44224780506170 3.44558726485196 6.83100233940437
 6.87458437472206 6.44224780506170 3.44558726485196 6.83100233940437
